0.1875 0.125 0.0625 0.5 0.5 0.5 0.4375 0.125 0.0625 0.4375 0.375 0.0625
0.125 0.1875 0.0625 0.5 0.5 0.5 0.375 0.4375 0.0625 0.125 0.4375 0.0625
0.0625 0.1875 0.125 0.5 0.5 0.5 0.0625 0.4375 0.125 0.0625 0.4375 0.375
0.0625 0.125 0.1875 0.5 0.5 0.5 0.0625 0.375 0.4375 0.0625 0.125 0.4375
0.125 0.0625 0.1875 0.5 0.5 0.5 0.125 0.0625 0.4375 0.375 0.0625 0.4375
0.1875 0.0625 0.125 0.5 0.5 0.5 0.4375 0.0625 0.375 0.4375 0.0625 0.125
0.125 0.0625 0.8125 0.5 0.5 0.5 0.125 0.0625 0.5625 0.375 0.0625 0.5625
0.1875 0.0625 0.875 0.5 0.5 0.5 0.4375 0.0625 0.625 0.4375 0.0625 0.875
0.1875 0.125 0.9375 0.5 0.5 0.5 0.4375 0.125 0.9375 0.4375 0.375 0.9375
0.125 0.1875 0.9375 0.5 0.5 0.5 0.375 0.4375 0.9375 0.125 0.4375 0.9375
0.0625 0.1875 0.875 0.5 0.5 0.5 0.0625 0.4375 0.875 0.0625 0.4375 0.625
0.0625 0.125 0.8125 0.5 0.5 0.5 0.0625 0.375 0.5625 0.0625 0.125 0.5625
0.125 0.9375 0.1875 0.5 0.5 0.5 0.125 0.9375 0.4375 0.375 0.9375 0.4375
0.1875 0.9375 0.125 0.5 0.5 0.5 0.4375 0.9375 0.375 0.4375 0.9375 0.125
0.1875 0.875 0.0625 0.5 0.5 0.5 0.4375 0.875 0.0625 0.4375 0.625 0.0625
0.125 0.8125 0.0625 0.5 0.5 0.5 0.375 0.5625 0.0625 0.125 0.5625 0.0625
0.0625 0.8125 0.125 0.5 0.5 0.5 0.0625 0.5625 0.125 0.0625 0.5625 0.375
0.0625 0.875 0.1875 0.5 0.5 0.5 0.0625 0.625 0.4375 0.0625 0.875 0.4375
0.0625 0.8125 0.875 0.5 0.5 0.5 0.0625 0.5625 0.875 0.0625 0.5625 0.625
0.0625 0.875 0.8125 0.5 0.5 0.5 0.0625 0.625 0.5625 0.0625 0.875 0.5625
0.125 0.9375 0.8125 0.5 0.5 0.5 0.125 0.9375 0.5625 0.375 0.9375 0.5625
0.1875 0.9375 0.875 0.5 0.5 0.5 0.4375 0.9375 0.625 0.4375 0.9375 0.875
0.1875 0.875 0.9375 0.5 0.5 0.5 0.4375 0.875 0.9375 0.4375 0.625 0.9375
0.125 0.8125 0.9375 0.5 0.5 0.5 0.375 0.5625 0.9375 0.125 0.5625 0.9375
0.9375 0.1875 0.125 0.5 0.5 0.5 0.9375 0.4375 0.125 0.9375 0.4375 0.375
0.9375 0.125 0.1875 0.5 0.5 0.5 0.9375 0.375 0.4375 0.9375 0.125 0.4375
0.875 0.0625 0.1875 0.5 0.5 0.5 0.875 0.0625 0.4375 0.625 0.0625 0.4375
0.8125 0.0625 0.125 0.5 0.5 0.5 0.5625 0.0625 0.375 0.5625 0.0625 0.125
0.8125 0.125 0.0625 0.5 0.5 0.5 0.5625 0.125 0.0625 0.5625 0.375 0.0625
0.875 0.1875 0.0625 0.5 0.5 0.5 0.625 0.4375 0.0625 0.875 0.4375 0.0625
0.875 0.0625 0.8125 0.5 0.5 0.5 0.875 0.0625 0.5625 0.625 0.0625 0.5625
0.8125 0.0625 0.875 0.5 0.5 0.5 0.5625 0.0625 0.625 0.5625 0.0625 0.875
0.8125 0.125 0.9375 0.5 0.5 0.5 0.5625 0.125 0.9375 0.5625 0.375 0.9375
0.875 0.1875 0.9375 0.5 0.5 0.5 0.625 0.4375 0.9375 0.875 0.4375 0.9375
0.9375 0.1875 0.875 0.5 0.5 0.5 0.9375 0.4375 0.875 0.9375 0.4375 0.625
0.9375 0.125 0.8125 0.5 0.5 0.5 0.9375 0.375 0.5625 0.9375 0.125 0.5625
0.875 0.9375 0.1875 0.5 0.5 0.5 0.875 0.9375 0.4375 0.625 0.9375 0.4375
0.8125 0.9375 0.125 0.5 0.5 0.5 0.5625 0.9375 0.375 0.5625 0.9375 0.125
0.8125 0.875 0.0625 0.5 0.5 0.5 0.5625 0.875 0.0625 0.5625 0.625 0.0625
0.875 0.8125 0.0625 0.5 0.5 0.5 0.625 0.5625 0.0625 0.875 0.5625 0.0625
0.9375 0.8125 0.125 0.5 0.5 0.5 0.9375 0.5625 0.125 0.9375 0.5625 0.375
0.9375 0.875 0.1875 0.5 0.5 0.5 0.9375 0.625 0.4375 0.9375 0.875 0.4375
0.875 0.9375 0.8125 0.5 0.5 0.5 0.875 0.9375 0.5625 0.625 0.9375 0.5625
0.8125 0.9375 0.875 0.5 0.5 0.5 0.5625 0.9375 0.625 0.5625 0.9375 0.875
0.8125 0.875 0.9375 0.5 0.5 0.5 0.5625 0.875 0.9375 0.5625 0.625 0.9375
0.875 0.8125 0.9375 0.5 0.5 0.5 0.625 0.5625 0.9375 0.875 0.5625 0.9375
0.9375 0.8125 0.875 0.5 0.5 0.5 0.9375 0.5625 0.875 0.9375 0.5625 0.625
0.9375 0.875 0.8125 0.5 0.5 0.5 0.9375 0.625 0.5625 0.9375 0.875 0.5625
0.0625 0.125 0.1875 0.0625 0.1875 0.125 0.125 0.1875 0.0625 0.1875 0.125 0.0625 0.1875 0.0625 0.125 0.125 0.0625 0.1875
0.0625 0.125 0.5625 0.0625 0.125 0.4375 0.125 0.0625 0.4375 0.125 0.0625 0.5625
0.125 0.1875 0.9375 0.0625 0.1875 0.875 0.0625 0.125 0.8125 0.125 0.0625 0.8125 0.1875 0.0625 0.875 0.1875 0.125 0.9375
0.0625 0.4375 0.125 0.125 0.4375 0.0625 0.125 0.5625 0.0625 0.0625 0.5625 0.125
0.0625 0.625 0.5625 0.0625 0.625 0.4375 0.0625 0.5625 0.375 0.0625 0.4375 0.375 0.0625 0.375 0.4375 0.0625 0.375 0.5625 0.0625 0.4375 0.625 0.0625 0.5625 0.625
0.125 0.5625 0.9375 0.125 0.4375 0.9375 0.0625 0.4375 0.875 0.0625 0.5625 0.875
0.125 0.8125 0.0625 0.0625 0.8125 0.125 0.0625 0.875 0.1875 0.125 0.9375 0.1875 0.1875 0.9375 0.125 0.1875 0.875 0.0625
0.0625 0.875 0.4375 0.125 0.9375 0.4375 0.125 0.9375 0.5625 0.0625 0.875 0.5625
0.1875 0.875 0.9375 0.125 0.8125 0.9375 0.0625 0.8125 0.875 0.0625 0.875 0.8125 0.125 0.9375 0.8125 0.1875 0.9375 0.875
0.5625 0.0625 0.125 0.4375 0.0625 0.125 0.4375 0.125 0.0625 0.5625 0.125 0.0625
0.625 0.0625 0.4375 0.5625 0.0625 0.375 0.4375 0.0625 0.375 0.375 0.0625 0.4375 0.375 0.0625 0.5625 0.4375 0.0625 0.625 0.5625 0.0625 0.625 0.625 0.0625 0.5625
0.5625 0.0625 0.875 0.4375 0.0625 0.875 0.4375 0.125 0.9375 0.5625 0.125 0.9375
0.4375 0.625 0.0625 0.375 0.5625 0.0625 0.375 0.4375 0.0625 0.4375 0.375 0.0625 0.5625 0.375 0.0625 0.625 0.4375 0.0625 0.625 0.5625 0.0625 0.5625 0.625 0.0625
0.32460981 0.389398606 0.454187403 0.32460981 0.389398606 0.545812597 0.32460981 0.454187403 0.389398606 0.32460981 0.454187403 0.610601394 0.32460981 0.545812597 0.389398606 0.32460981 0.545812597 0.610601394 0.32460981 0.610601394 0.454187403 0.32460981 0.610601394 0.545812597 0.389398606 0.32460981 0.454187403 0.389398606 0.32460981 0.545812597 0.389398606 0.454187403 0.32460981 0.389398606 0.454187403 0.67539019 0.389398606 0.545812597 0.32460981 0.389398606 0.545812597 0.67539019 0.389398606 0.67539019 0.454187403 0.389398606 0.67539019 0.545812597 0.454187403 0.32460981 0.389398606 0.454187403 0.32460981 0.610601394 0.454187403 0.389398606 0.32460981 0.454187403 0.389398606 0.67539019 0.454187403 0.610601394 0.32460981 0.454187403 0.610601394 0.67539019 0.454187403 0.67539019 0.389398606 0.454187403 0.67539019 0.610601394 0.545812597 0.32460981 0.389398606 0.545812597 0.32460981 0.610601394 0.545812597 0.389398606 0.32460981 0.545812597 0.389398606 0.67539019 0.545812597 0.610601394 0.32460981 0.545812597 0.610601394 0.67539019 0.545812597 0.67539019 0.389398606 0.545812597 0.67539019 0.610601394 0.610601394 0.32460981 0.454187403 0.610601394 0.32460981 0.545812597 0.610601394 0.454187403 0.32460981 0.610601394 0.454187403 0.67539019 0.610601394 0.545812597 0.32460981 0.610601394 0.545812597 0.67539019 0.610601394 0.67539019 0.454187403 0.610601394 0.67539019 0.545812597 0.67539019 0.389398606 0.454187403 0.67539019 0.389398606 0.545812597 0.67539019 0.454187403 0.389398606 0.67539019 0.454187403 0.610601394 0.67539019 0.545812597 0.389398606 0.67539019 0.545812597 0.610601394 0.67539019 0.610601394 0.454187403 0.67539019 0.610601394 0.545812597 0.5 0.5 0.5
0.4375 0.625 0.9375 0.375 0.5625 0.9375 0.375 0.4375 0.9375 0.4375 0.375 0.9375 0.5625 0.375 0.9375 0.625 0.4375 0.9375 0.625 0.5625 0.9375 0.5625 0.625 0.9375
0.5625 0.9375 0.125 0.4375 0.9375 0.125 0.4375 0.875 0.0625 0.5625 0.875 0.0625
0.625 0.9375 0.4375 0.5625 0.9375 0.375 0.4375 0.9375 0.375 0.375 0.9375 0.4375 0.375 0.9375 0.5625 0.4375 0.9375 0.625 0.5625 0.9375 0.625 0.625 0.9375 0.5625
0.5625 0.875 0.9375 0.4375 0.875 0.9375 0.4375 0.9375 0.875 0.5625 0.9375 0.875
0.875 0.0625 0.1875 0.9375 0.125 0.1875 0.9375 0.1875 0.125 0.875 0.1875 0.0625 0.8125 0.125 0.0625 0.8125 0.0625 0.125
0.875 0.0625 0.4375 0.9375 0.125 0.4375 0.9375 0.125 0.5625 0.875 0.0625 0.5625
0.875 0.1875 0.9375 0.9375 0.1875 0.875 0.9375 0.125 0.8125 0.875 0.0625 0.8125 0.8125 0.0625 0.875 0.8125 0.125 0.9375
0.9375 0.5625 0.125 0.9375 0.4375 0.125 0.875 0.4375 0.0625 0.875 0.5625 0.0625
0.9375 0.625 0.5625 0.9375 0.625 0.4375 0.9375 0.5625 0.375 0.9375 0.4375 0.375 0.9375 0.375 0.4375 0.9375 0.375 0.5625 0.9375 0.4375 0.625 0.9375 0.5625 0.625
0.9375 0.4375 0.875 0.875 0.4375 0.9375 0.875 0.5625 0.9375 0.9375 0.5625 0.875
0.8125 0.875 0.0625 0.8125 0.9375 0.125 0.875 0.9375 0.1875 0.9375 0.875 0.1875 0.9375 0.8125 0.125 0.875 0.8125 0.0625
0.875 0.9375 0.5625 0.875 0.9375 0.4375 0.9375 0.875 0.4375 0.9375 0.875 0.5625
0.8125 0.875 0.9375 0.8125 0.9375 0.875 0.875 0.9375 0.8125 0.9375 0.875 0.8125 0.9375 0.8125 0.875 0.875 0.8125 0.9375
