0 0 48 3 1
0 1 1 1 1
0 1 2 1 1
0 1 3 1 1
0 1 4 1 1
0 1 5 1 1
0 1 6 1 1
0 1 7 1 1
0 1 8 1 1
0 1 9 1 1
0 1 10 1 1
0 1 11 1 1
0 1 12 1 1
0 1 13 1 1
0 1 14 1 1
0 1 15 1 1
0 1 16 1 1
0 1 17 1 1
0 1 18 1 1
0 1 19 1 1
0 1 20 1 1
0 1 21 1 1
0 1 22 1 1
0 1 23 1 1
0 1 24 1 1
0 1 25 1 1
0 1 26 1 1
0 1 27 1 1
0 1 28 1 1
0 1 29 1 1
0 1 30 1 1
0 1 31 1 1
0 1 32 1 1
0 1 33 1 1
0 1 34 1 1
0 1 35 1 1
0 1 36 1 1
0 1 37 1 1
0 1 38 1 1
0 1 39 1 1
0 1 40 1 1
0 1 41 1 1
0 1 42 1 1
0 1 43 1 1
0 1 44 1 1
0 1 45 1 1
0 1 46 1 1
0 1 47 1 1
0 1 61 48 1
1 1 2 1 1
1 1 3 1 1
1 1 4 1 1
1 1 5 1 1
1 1 6 1 1
1 1 7 1 1
1 1 8 1 1
1 1 9 1 1
1 1 10 1 1
1 1 11 1 1
1 1 12 1 1
1 1 13 1 1
1 1 14 1 1
1 1 15 1 1
1 1 16 1 1
1 1 17 1 1
1 1 18 1 1
1 1 19 1 1
1 1 20 1 1
1 1 21 1 1
1 1 22 1 1
1 1 23 1 1
1 1 24 1 1
1 1 25 1 1
1 1 26 1 1
1 1 27 1 1
1 1 28 1 1
1 1 29 1 1
1 1 30 1 1
1 1 31 1 1
1 1 32 1 1
1 1 33 1 1
1 1 34 1 1
1 1 35 1 1
1 1 36 1 1
1 1 37 1 1
1 1 38 1 1
1 1 39 1 1
1 1 40 1 1
1 1 41 1 1
1 1 42 1 1
1 1 43 1 1
1 1 44 1 1
1 1 45 1 1
1 1 46 1 1
1 1 47 1 1
1 1 61 48 1
2 1 3 1 1
2 1 4 1 1
2 1 5 1 1
2 1 6 1 1
2 1 7 1 1
2 1 8 1 1
2 1 9 1 1
2 1 10 1 1
2 1 11 1 1
2 1 12 1 1
2 1 13 1 1
2 1 14 1 1
2 1 15 1 1
2 1 16 1 1
2 1 17 1 1
2 1 18 1 1
2 1 19 1 1
2 1 20 1 1
2 1 21 1 1
2 1 22 1 1
2 1 23 1 1
2 1 24 1 1
2 1 25 1 1
2 1 26 1 1
2 1 27 1 1
2 1 28 1 1
2 1 29 1 1
2 1 30 1 1
2 1 31 1 1
2 1 32 1 1
2 1 33 1 1
2 1 34 1 1
2 1 35 1 1
2 1 36 1 1
2 1 37 1 1
2 1 38 1 1
2 1 39 1 1
2 1 40 1 1
2 1 41 1 1
2 1 42 1 1
2 1 43 1 1
2 1 44 1 1
2 1 45 1 1
2 1 46 1 1
2 1 47 1 1
2 1 61 48 1
3 1 4 1 1
3 1 5 1 1
3 1 6 1 1
3 1 7 1 1
3 1 8 1 1
3 1 9 1 1
3 1 10 1 1
3 1 11 1 1
3 1 12 1 1
3 1 13 1 1
3 1 14 1 1
3 1 15 1 1
3 1 16 1 1
3 1 17 1 1
3 1 18 1 1
3 1 19 1 1
3 1 20 1 1
3 1 21 1 1
3 1 22 1 1
3 1 23 1 1
3 1 24 1 1
3 1 25 1 1
3 1 26 1 1
3 1 27 1 1
3 1 28 1 1
3 1 29 1 1
3 1 30 1 1
3 1 31 1 1
3 1 32 1 1
3 1 33 1 1
3 1 34 1 1
3 1 35 1 1
3 1 36 1 1
3 1 37 1 1
3 1 38 1 1
3 1 39 1 1
3 1 40 1 1
3 1 41 1 1
3 1 42 1 1
3 1 43 1 1
3 1 44 1 1
3 1 45 1 1
3 1 46 1 1
3 1 47 1 1
3 1 61 48 1
4 1 5 1 1
4 1 6 1 1
4 1 7 1 1
4 1 8 1 1
4 1 9 1 1
4 1 10 1 1
4 1 11 1 1
4 1 12 1 1
4 1 13 1 1
4 1 14 1 1
4 1 15 1 1
4 1 16 1 1
4 1 17 1 1
4 1 18 1 1
4 1 19 1 1
4 1 20 1 1
4 1 21 1 1
4 1 22 1 1
4 1 23 1 1
4 1 24 1 1
4 1 25 1 1
4 1 26 1 1
4 1 27 1 1
4 1 28 1 1
4 1 29 1 1
4 1 30 1 1
4 1 31 1 1
4 1 32 1 1
4 1 33 1 1
4 1 34 1 1
4 1 35 1 1
4 1 36 1 1
4 1 37 1 1
4 1 38 1 1
4 1 39 1 1
4 1 40 1 1
4 1 41 1 1
4 1 42 1 1
4 1 43 1 1
4 1 44 1 1
4 1 45 1 1
4 1 46 1 1
4 1 47 1 1
4 1 61 48 1
5 1 6 1 1
5 1 7 1 1
5 1 8 1 1
5 1 9 1 1
5 1 10 1 1
5 1 11 1 1
5 1 12 1 1
5 1 13 1 1
5 1 14 1 1
5 1 15 1 1
5 1 16 1 1
5 1 17 1 1
5 1 18 1 1
5 1 19 1 1
5 1 20 1 1
5 1 21 1 1
5 1 22 1 1
5 1 23 1 1
5 1 24 1 1
5 1 25 1 1
5 1 26 1 1
5 1 27 1 1
5 1 28 1 1
5 1 29 1 1
5 1 30 1 1
5 1 31 1 1
5 1 32 1 1
5 1 33 1 1
5 1 34 1 1
5 1 35 1 1
5 1 36 1 1
5 1 37 1 1
5 1 38 1 1
5 1 39 1 1
5 1 40 1 1
5 1 41 1 1
5 1 42 1 1
5 1 43 1 1
5 1 44 1 1
5 1 45 1 1
5 1 46 1 1
5 1 47 1 1
5 1 61 48 1
6 1 7 1 1
6 1 8 1 1
6 1 9 1 1
6 1 10 1 1
6 1 11 1 1
6 1 12 1 1
6 1 13 1 1
6 1 14 1 1
6 1 15 1 1
6 1 16 1 1
6 1 17 1 1
6 1 18 1 1
6 1 19 1 1
6 1 20 1 1
6 1 21 1 1
6 1 22 1 1
6 1 23 1 1
6 1 24 1 1
6 1 25 1 1
6 1 26 1 1
6 1 27 1 1
6 1 28 1 1
6 1 29 1 1
6 1 30 1 1
6 1 31 1 1
6 1 32 1 1
6 1 33 1 1
6 1 34 1 1
6 1 35 1 1
6 1 36 1 1
6 1 37 1 1
6 1 38 1 1
6 1 39 1 1
6 1 40 1 1
6 1 41 1 1
6 1 42 1 1
6 1 43 1 1
6 1 44 1 1
6 1 45 1 1
6 1 46 1 1
6 1 47 1 1
6 1 61 48 1
7 1 8 1 1
7 1 9 1 1
7 1 10 1 1
7 1 11 1 1
7 1 12 1 1
7 1 13 1 1
7 1 14 1 1
7 1 15 1 1
7 1 16 1 1
7 1 17 1 1
7 1 18 1 1
7 1 19 1 1
7 1 20 1 1
7 1 21 1 1
7 1 22 1 1
7 1 23 1 1
7 1 24 1 1
7 1 25 1 1
7 1 26 1 1
7 1 27 1 1
7 1 28 1 1
7 1 29 1 1
7 1 30 1 1
7 1 31 1 1
7 1 32 1 1
7 1 33 1 1
7 1 34 1 1
7 1 35 1 1
7 1 36 1 1
7 1 37 1 1
7 1 38 1 1
7 1 39 1 1
7 1 40 1 1
7 1 41 1 1
7 1 42 1 1
7 1 43 1 1
7 1 44 1 1
7 1 45 1 1
7 1 46 1 1
7 1 47 1 1
7 1 61 48 1
8 1 9 1 1
8 1 10 1 1
8 1 11 1 1
8 1 12 1 1
8 1 13 1 1
8 1 14 1 1
8 1 15 1 1
8 1 16 1 1
8 1 17 1 1
8 1 18 1 1
8 1 19 1 1
8 1 20 1 1
8 1 21 1 1
8 1 22 1 1
8 1 23 1 1
8 1 24 1 1
8 1 25 1 1
8 1 26 1 1
8 1 27 1 1
8 1 28 1 1
8 1 29 1 1
8 1 30 1 1
8 1 31 1 1
8 1 32 1 1
8 1 33 1 1
8 1 34 1 1
8 1 35 1 1
8 1 36 1 1
8 1 37 1 1
8 1 38 1 1
8 1 39 1 1
8 1 40 1 1
8 1 41 1 1
8 1 42 1 1
8 1 43 1 1
8 1 44 1 1
8 1 45 1 1
8 1 46 1 1
8 1 47 1 1
8 1 61 48 1
9 1 10 1 1
9 1 11 1 1
9 1 12 1 1
9 1 13 1 1
9 1 14 1 1
9 1 15 1 1
9 1 16 1 1
9 1 17 1 1
9 1 18 1 1
9 1 19 1 1
9 1 20 1 1
9 1 21 1 1
9 1 22 1 1
9 1 23 1 1
9 1 24 1 1
9 1 25 1 1
9 1 26 1 1
9 1 27 1 1
9 1 28 1 1
9 1 29 1 1
9 1 30 1 1
9 1 31 1 1
9 1 32 1 1
9 1 33 1 1
9 1 34 1 1
9 1 35 1 1
9 1 36 1 1
9 1 37 1 1
9 1 38 1 1
9 1 39 1 1
9 1 40 1 1
9 1 41 1 1
9 1 42 1 1
9 1 43 1 1
9 1 44 1 1
9 1 45 1 1
9 1 46 1 1
9 1 47 1 1
9 1 61 48 1
10 1 11 1 1
10 1 12 1 1
10 1 13 1 1
10 1 14 1 1
10 1 15 1 1
10 1 16 1 1
10 1 17 1 1
10 1 18 1 1
10 1 19 1 1
10 1 20 1 1
10 1 21 1 1
10 1 22 1 1
10 1 23 1 1
10 1 24 1 1
10 1 25 1 1
10 1 26 1 1
10 1 27 1 1
10 1 28 1 1
10 1 29 1 1
10 1 30 1 1
10 1 31 1 1
10 1 32 1 1
10 1 33 1 1
10 1 34 1 1
10 1 35 1 1
10 1 36 1 1
10 1 37 1 1
10 1 38 1 1
10 1 39 1 1
10 1 40 1 1
10 1 41 1 1
10 1 42 1 1
10 1 43 1 1
10 1 44 1 1
10 1 45 1 1
10 1 46 1 1
10 1 47 1 1
10 1 61 48 1
11 1 12 1 1
11 1 13 1 1
11 1 14 1 1
11 1 15 1 1
11 1 16 1 1
11 1 17 1 1
11 1 18 1 1
11 1 19 1 1
11 1 20 1 1
11 1 21 1 1
11 1 22 1 1
11 1 23 1 1
11 1 24 1 1
11 1 25 1 1
11 1 26 1 1
11 1 27 1 1
11 1 28 1 1
11 1 29 1 1
11 1 30 1 1
11 1 31 1 1
11 1 32 1 1
11 1 33 1 1
11 1 34 1 1
11 1 35 1 1
11 1 36 1 1
11 1 37 1 1
11 1 38 1 1
11 1 39 1 1
11 1 40 1 1
11 1 41 1 1
11 1 42 1 1
11 1 43 1 1
11 1 44 1 1
11 1 45 1 1
11 1 46 1 1
11 1 47 1 1
11 1 61 48 1
12 1 13 1 1
12 1 14 1 1
12 1 15 1 1
12 1 16 1 1
12 1 17 1 1
12 1 18 1 1
12 1 19 1 1
12 1 20 1 1
12 1 21 1 1
12 1 22 1 1
12 1 23 1 1
12 1 24 1 1
12 1 25 1 1
12 1 26 1 1
12 1 27 1 1
12 1 28 1 1
12 1 29 1 1
12 1 30 1 1
12 1 31 1 1
12 1 32 1 1
12 1 33 1 1
12 1 34 1 1
12 1 35 1 1
12 1 36 1 1
12 1 37 1 1
12 1 38 1 1
12 1 39 1 1
12 1 40 1 1
12 1 41 1 1
12 1 42 1 1
12 1 43 1 1
12 1 44 1 1
12 1 45 1 1
12 1 46 1 1
12 1 47 1 1
12 1 61 48 1
13 1 14 1 1
13 1 15 1 1
13 1 16 1 1
13 1 17 1 1
13 1 18 1 1
13 1 19 1 1
13 1 20 1 1
13 1 21 1 1
13 1 22 1 1
13 1 23 1 1
13 1 24 1 1
13 1 25 1 1
13 1 26 1 1
13 1 27 1 1
13 1 28 1 1
13 1 29 1 1
13 1 30 1 1
13 1 31 1 1
13 1 32 1 1
13 1 33 1 1
13 1 34 1 1
13 1 35 1 1
13 1 36 1 1
13 1 37 1 1
13 1 38 1 1
13 1 39 1 1
13 1 40 1 1
13 1 41 1 1
13 1 42 1 1
13 1 43 1 1
13 1 44 1 1
13 1 45 1 1
13 1 46 1 1
13 1 47 1 1
13 1 61 48 1
14 1 15 1 1
14 1 16 1 1
14 1 17 1 1
14 1 18 1 1
14 1 19 1 1
14 1 20 1 1
14 1 21 1 1
14 1 22 1 1
14 1 23 1 1
14 1 24 1 1
14 1 25 1 1
14 1 26 1 1
14 1 27 1 1
14 1 28 1 1
14 1 29 1 1
14 1 30 1 1
14 1 31 1 1
14 1 32 1 1
14 1 33 1 1
14 1 34 1 1
14 1 35 1 1
14 1 36 1 1
14 1 37 1 1
14 1 38 1 1
14 1 39 1 1
14 1 40 1 1
14 1 41 1 1
14 1 42 1 1
14 1 43 1 1
14 1 44 1 1
14 1 45 1 1
14 1 46 1 1
14 1 47 1 1
14 1 61 48 1
15 1 16 1 1
15 1 17 1 1
15 1 18 1 1
15 1 19 1 1
15 1 20 1 1
15 1 21 1 1
15 1 22 1 1
15 1 23 1 1
15 1 24 1 1
15 1 25 1 1
15 1 26 1 1
15 1 27 1 1
15 1 28 1 1
15 1 29 1 1
15 1 30 1 1
15 1 31 1 1
15 1 32 1 1
15 1 33 1 1
15 1 34 1 1
15 1 35 1 1
15 1 36 1 1
15 1 37 1 1
15 1 38 1 1
15 1 39 1 1
15 1 40 1 1
15 1 41 1 1
15 1 42 1 1
15 1 43 1 1
15 1 44 1 1
15 1 45 1 1
15 1 46 1 1
15 1 47 1 1
15 1 61 48 1
16 1 17 1 1
16 1 18 1 1
16 1 19 1 1
16 1 20 1 1
16 1 21 1 1
16 1 22 1 1
16 1 23 1 1
16 1 24 1 1
16 1 25 1 1
16 1 26 1 1
16 1 27 1 1
16 1 28 1 1
16 1 29 1 1
16 1 30 1 1
16 1 31 1 1
16 1 32 1 1
16 1 33 1 1
16 1 34 1 1
16 1 35 1 1
16 1 36 1 1
16 1 37 1 1
16 1 38 1 1
16 1 39 1 1
16 1 40 1 1
16 1 41 1 1
16 1 42 1 1
16 1 43 1 1
16 1 44 1 1
16 1 45 1 1
16 1 46 1 1
16 1 47 1 1
16 1 61 48 1
17 1 18 1 1
17 1 19 1 1
17 1 20 1 1
17 1 21 1 1
17 1 22 1 1
17 1 23 1 1
17 1 24 1 1
17 1 25 1 1
17 1 26 1 1
17 1 27 1 1
17 1 28 1 1
17 1 29 1 1
17 1 30 1 1
17 1 31 1 1
17 1 32 1 1
17 1 33 1 1
17 1 34 1 1
17 1 35 1 1
17 1 36 1 1
17 1 37 1 1
17 1 38 1 1
17 1 39 1 1
17 1 40 1 1
17 1 41 1 1
17 1 42 1 1
17 1 43 1 1
17 1 44 1 1
17 1 45 1 1
17 1 46 1 1
17 1 47 1 1
17 1 61 48 1
18 1 19 1 1
18 1 20 1 1
18 1 21 1 1
18 1 22 1 1
18 1 23 1 1
18 1 24 1 1
18 1 25 1 1
18 1 26 1 1
18 1 27 1 1
18 1 28 1 1
18 1 29 1 1
18 1 30 1 1
18 1 31 1 1
18 1 32 1 1
18 1 33 1 1
18 1 34 1 1
18 1 35 1 1
18 1 36 1 1
18 1 37 1 1
18 1 38 1 1
18 1 39 1 1
18 1 40 1 1
18 1 41 1 1
18 1 42 1 1
18 1 43 1 1
18 1 44 1 1
18 1 45 1 1
18 1 46 1 1
18 1 47 1 1
18 1 61 48 1
19 1 20 1 1
19 1 21 1 1
19 1 22 1 1
19 1 23 1 1
19 1 24 1 1
19 1 25 1 1
19 1 26 1 1
19 1 27 1 1
19 1 28 1 1
19 1 29 1 1
19 1 30 1 1
19 1 31 1 1
19 1 32 1 1
19 1 33 1 1
19 1 34 1 1
19 1 35 1 1
19 1 36 1 1
19 1 37 1 1
19 1 38 1 1
19 1 39 1 1
19 1 40 1 1
19 1 41 1 1
19 1 42 1 1
19 1 43 1 1
19 1 44 1 1
19 1 45 1 1
19 1 46 1 1
19 1 47 1 1
19 1 61 48 1
20 1 21 1 1
20 1 22 1 1
20 1 23 1 1
20 1 24 1 1
20 1 25 1 1
20 1 26 1 1
20 1 27 1 1
20 1 28 1 1
20 1 29 1 1
20 1 30 1 1
20 1 31 1 1
20 1 32 1 1
20 1 33 1 1
20 1 34 1 1
20 1 35 1 1
20 1 36 1 1
20 1 37 1 1
20 1 38 1 1
20 1 39 1 1
20 1 40 1 1
20 1 41 1 1
20 1 42 1 1
20 1 43 1 1
20 1 44 1 1
20 1 45 1 1
20 1 46 1 1
20 1 47 1 1
20 1 61 48 1
21 1 22 1 1
21 1 23 1 1
21 1 24 1 1
21 1 25 1 1
21 1 26 1 1
21 1 27 1 1
21 1 28 1 1
21 1 29 1 1
21 1 30 1 1
21 1 31 1 1
21 1 32 1 1
21 1 33 1 1
21 1 34 1 1
21 1 35 1 1
21 1 36 1 1
21 1 37 1 1
21 1 38 1 1
21 1 39 1 1
21 1 40 1 1
21 1 41 1 1
21 1 42 1 1
21 1 43 1 1
21 1 44 1 1
21 1 45 1 1
21 1 46 1 1
21 1 47 1 1
21 1 61 48 1
22 1 23 1 1
22 1 24 1 1
22 1 25 1 1
22 1 26 1 1
22 1 27 1 1
22 1 28 1 1
22 1 29 1 1
22 1 30 1 1
22 1 31 1 1
22 1 32 1 1
22 1 33 1 1
22 1 34 1 1
22 1 35 1 1
22 1 36 1 1
22 1 37 1 1
22 1 38 1 1
22 1 39 1 1
22 1 40 1 1
22 1 41 1 1
22 1 42 1 1
22 1 43 1 1
22 1 44 1 1
22 1 45 1 1
22 1 46 1 1
22 1 47 1 1
22 1 61 48 1
23 1 24 1 1
23 1 25 1 1
23 1 26 1 1
23 1 27 1 1
23 1 28 1 1
23 1 29 1 1
23 1 30 1 1
23 1 31 1 1
23 1 32 1 1
23 1 33 1 1
23 1 34 1 1
23 1 35 1 1
23 1 36 1 1
23 1 37 1 1
23 1 38 1 1
23 1 39 1 1
23 1 40 1 1
23 1 41 1 1
23 1 42 1 1
23 1 43 1 1
23 1 44 1 1
23 1 45 1 1
23 1 46 1 1
23 1 47 1 1
23 1 61 48 1
24 1 25 1 1
24 1 26 1 1
24 1 27 1 1
24 1 28 1 1
24 1 29 1 1
24 1 30 1 1
24 1 31 1 1
24 1 32 1 1
24 1 33 1 1
24 1 34 1 1
24 1 35 1 1
24 1 36 1 1
24 1 37 1 1
24 1 38 1 1
24 1 39 1 1
24 1 40 1 1
24 1 41 1 1
24 1 42 1 1
24 1 43 1 1
24 1 44 1 1
24 1 45 1 1
24 1 46 1 1
24 1 47 1 1
24 1 61 48 1
25 1 26 1 1
25 1 27 1 1
25 1 28 1 1
25 1 29 1 1
25 1 30 1 1
25 1 31 1 1
25 1 32 1 1
25 1 33 1 1
25 1 34 1 1
25 1 35 1 1
25 1 36 1 1
25 1 37 1 1
25 1 38 1 1
25 1 39 1 1
25 1 40 1 1
25 1 41 1 1
25 1 42 1 1
25 1 43 1 1
25 1 44 1 1
25 1 45 1 1
25 1 46 1 1
25 1 47 1 1
25 1 61 48 1
26 1 27 1 1
26 1 28 1 1
26 1 29 1 1
26 1 30 1 1
26 1 31 1 1
26 1 32 1 1
26 1 33 1 1
26 1 34 1 1
26 1 35 1 1
26 1 36 1 1
26 1 37 1 1
26 1 38 1 1
26 1 39 1 1
26 1 40 1 1
26 1 41 1 1
26 1 42 1 1
26 1 43 1 1
26 1 44 1 1
26 1 45 1 1
26 1 46 1 1
26 1 47 1 1
26 1 61 48 1
27 1 28 1 1
27 1 29 1 1
27 1 30 1 1
27 1 31 1 1
27 1 32 1 1
27 1 33 1 1
27 1 34 1 1
27 1 35 1 1
27 1 36 1 1
27 1 37 1 1
27 1 38 1 1
27 1 39 1 1
27 1 40 1 1
27 1 41 1 1
27 1 42 1 1
27 1 43 1 1
27 1 44 1 1
27 1 45 1 1
27 1 46 1 1
27 1 47 1 1
27 1 61 48 1
28 1 29 1 1
28 1 30 1 1
28 1 31 1 1
28 1 32 1 1
28 1 33 1 1
28 1 34 1 1
28 1 35 1 1
28 1 36 1 1
28 1 37 1 1
28 1 38 1 1
28 1 39 1 1
28 1 40 1 1
28 1 41 1 1
28 1 42 1 1
28 1 43 1 1
28 1 44 1 1
28 1 45 1 1
28 1 46 1 1
28 1 47 1 1
28 1 61 48 1
29 1 30 1 1
29 1 31 1 1
29 1 32 1 1
29 1 33 1 1
29 1 34 1 1
29 1 35 1 1
29 1 36 1 1
29 1 37 1 1
29 1 38 1 1
29 1 39 1 1
29 1 40 1 1
29 1 41 1 1
29 1 42 1 1
29 1 43 1 1
29 1 44 1 1
29 1 45 1 1
29 1 46 1 1
29 1 47 1 1
29 1 61 48 1
30 1 31 1 1
30 1 32 1 1
30 1 33 1 1
30 1 34 1 1
30 1 35 1 1
30 1 36 1 1
30 1 37 1 1
30 1 38 1 1
30 1 39 1 1
30 1 40 1 1
30 1 41 1 1
30 1 42 1 1
30 1 43 1 1
30 1 44 1 1
30 1 45 1 1
30 1 46 1 1
30 1 47 1 1
30 1 61 48 1
31 1 32 1 1
31 1 33 1 1
31 1 34 1 1
31 1 35 1 1
31 1 36 1 1
31 1 37 1 1
31 1 38 1 1
31 1 39 1 1
31 1 40 1 1
31 1 41 1 1
31 1 42 1 1
31 1 43 1 1
31 1 44 1 1
31 1 45 1 1
31 1 46 1 1
31 1 47 1 1
31 1 61 48 1
32 1 33 1 1
32 1 34 1 1
32 1 35 1 1
32 1 36 1 1
32 1 37 1 1
32 1 38 1 1
32 1 39 1 1
32 1 40 1 1
32 1 41 1 1
32 1 42 1 1
32 1 43 1 1
32 1 44 1 1
32 1 45 1 1
32 1 46 1 1
32 1 47 1 1
32 1 61 48 1
33 1 34 1 1
33 1 35 1 1
33 1 36 1 1
33 1 37 1 1
33 1 38 1 1
33 1 39 1 1
33 1 40 1 1
33 1 41 1 1
33 1 42 1 1
33 1 43 1 1
33 1 44 1 1
33 1 45 1 1
33 1 46 1 1
33 1 47 1 1
33 1 61 48 1
34 1 35 1 1
34 1 36 1 1
34 1 37 1 1
34 1 38 1 1
34 1 39 1 1
34 1 40 1 1
34 1 41 1 1
34 1 42 1 1
34 1 43 1 1
34 1 44 1 1
34 1 45 1 1
34 1 46 1 1
34 1 47 1 1
34 1 61 48 1
35 1 36 1 1
35 1 37 1 1
35 1 38 1 1
35 1 39 1 1
35 1 40 1 1
35 1 41 1 1
35 1 42 1 1
35 1 43 1 1
35 1 44 1 1
35 1 45 1 1
35 1 46 1 1
35 1 47 1 1
35 1 61 48 1
36 1 37 1 1
36 1 38 1 1
36 1 39 1 1
36 1 40 1 1
36 1 41 1 1
36 1 42 1 1
36 1 43 1 1
36 1 44 1 1
36 1 45 1 1
36 1 46 1 1
36 1 47 1 1
36 1 61 48 1
37 1 38 1 1
37 1 39 1 1
37 1 40 1 1
37 1 41 1 1
37 1 42 1 1
37 1 43 1 1
37 1 44 1 1
37 1 45 1 1
37 1 46 1 1
37 1 47 1 1
37 1 61 48 1
38 1 39 1 1
38 1 40 1 1
38 1 41 1 1
38 1 42 1 1
38 1 43 1 1
38 1 44 1 1
38 1 45 1 1
38 1 46 1 1
38 1 47 1 1
38 1 61 48 1
39 1 40 1 1
39 1 41 1 1
39 1 42 1 1
39 1 43 1 1
39 1 44 1 1
39 1 45 1 1
39 1 46 1 1
39 1 47 1 1
39 1 61 48 1
40 1 41 1 1
40 1 42 1 1
40 1 43 1 1
40 1 44 1 1
40 1 45 1 1
40 1 46 1 1
40 1 47 1 1
40 1 61 48 1
41 1 42 1 1
41 1 43 1 1
41 1 44 1 1
41 1 45 1 1
41 1 46 1 1
41 1 47 1 1
41 1 61 48 1
42 1 43 1 1
42 1 44 1 1
42 1 45 1 1
42 1 46 1 1
42 1 47 1 1
42 1 61 48 1
43 1 44 1 1
43 1 45 1 1
43 1 46 1 1
43 1 47 1 1
43 1 61 48 1
44 1 45 1 1
44 1 46 1 1
44 1 47 1 1
44 1 61 48 1
45 1 46 1 1
45 1 47 1 1
45 1 61 48 1
46 1 47 1 1
46 1 61 48 1
47 1 61 48 1
0 2 57 2 1
0 3 60 3 1
1 0 48 2 1
1 2 60 2 1
1 3 51 1 1
2 0 48 1 1
2 2 51 0 1
2 3 52 3 1
3 0 48 0 1
3 2 52 4 1
3 3 49 1 1
4 0 48 5 1
4 2 49 2 1
4 3 58 3 1
5 0 48 4 1
5 2 58 2 1
5 3 57 1 1
6 0 50 3 2
6 2 49 3 2
6 3 58 4 2
7 0 50 4 2
7 2 58 5 2
7 3 59 1 2
8 0 50 5 2
8 2 59 2 2
8 3 62 3 2
9 0 50 0 2
9 2 62 2 2
9 3 53 1 2
10 0 50 1 2
10 2 53 2 2
10 3 52 6 2
11 0 50 2 2
11 2 52 5 2
11 3 49 0 2
12 0 54 3 1
12 2 55 1 1
12 3 64 3 1
13 0 54 4 1
13 2 64 2 1
13 3 63 1 1
14 0 54 5 1
14 2 63 2 1
14 3 60 0 1
15 0 54 0 1
15 2 60 1 1
15 3 51 2 1
16 0 54 1 1
16 2 51 3 1
16 3 52 2 1
17 0 54 2 1
17 2 52 1 1
17 3 55 0 1
18 0 56 2 2
18 2 53 3 2
18 3 52 7 2
19 0 56 3 2
19 2 52 0 2
19 3 55 3 2
20 0 56 4 2
20 2 55 2 2
20 3 64 4 2
21 0 56 5 2
21 2 64 5 2
21 3 65 2 2
22 0 56 0 2
22 2 65 1 2
22 3 62 0 2
23 0 56 1 2
23 2 62 1 2
23 3 53 0 2
24 0 66 2 1
24 2 69 1 1
24 3 70 3 1
25 0 66 1 1
25 2 70 4 1
25 3 67 1 1
26 0 66 0 1
26 2 67 0 1
26 3 58 0 1
27 0 66 5 1
27 2 58 1 1
27 3 57 0 1
28 0 66 4 1
28 2 57 3 1
28 3 60 4 1
29 0 66 3 1
29 2 60 5 1
29 3 69 2 1
30 0 68 3 2
30 2 67 3 2
30 3 58 7 2
31 0 68 4 2
31 2 58 6 2
31 3 59 0 2
32 0 68 5 2
32 2 59 3 2
32 3 62 4 2
33 0 68 0 2
33 2 62 5 2
33 3 71 1 2
34 0 68 1 2
34 2 71 0 2
34 3 70 6 2
35 0 68 2 2
35 2 70 5 2
35 3 67 2 2
36 0 72 2 1
36 2 73 1 1
36 3 64 0 1
37 0 72 1 1
37 2 64 1 1
37 3 63 0 1
38 0 72 0 1
38 2 63 3 1
38 3 60 7 1
39 0 72 5 1
39 2 60 6 1
39 3 69 3 1
40 0 72 4 1
40 2 69 0 1
40 3 70 2 1
41 0 72 3 1
41 2 70 1 1
41 3 73 2 1
42 0 74 2 2
42 2 73 0 2
42 3 64 7 2
43 0 74 1 2
43 2 64 6 2
43 3 65 3 2
44 0 74 0 2
44 2 65 0 2
44 3 62 7 2
45 0 74 5 2
45 2 62 6 2
45 3 71 2 2
46 0 74 4 2
46 2 71 3 2
46 3 70 7 2
47 0 74 3 2
47 2 70 0 2
47 3 73 3 2
